4
154
22.8982391357422
-49.5069847106934
17.3762302398682
-48.3769760131836
16.0713005065918
-47.4957084655762
16.8043804168701
-43.6893196105957
26.1674194335938
-35.9567985534668
50.434211730957
-30.9596824645996
50.5104103088379
-34.2726898193359
44.0502586364746
-41.6340065002441
43.7269287109375
-54.035472869873
48.1361503601074
-58.675350189209
59.773250579834
-56.4078025817871
68.1925735473633
-56.135368347168
74.1015396118164
-46.6715354919434
76.3294982910156
-37.085750579834
73.8852233886719
-30.0390071868896
73.7232666015625
-26.8045692443848
70.7946929931641
-23.5803508758545
64.3505706787109
-22.1236000061035
59.8497200012207
-18.9539527893066
59.1342163085938
-16.005500793457
59.3349800109863
-13.0570421218872
58.6233673095703
-11.1917695999146
58.6908912658691
-9.32650470733643
63.2384452819824
-4.80804920196533
65.7400283813477
-0.356438636779785
66.5436935424805
2.43871402740479
66.4139404296875
6.17204618453979
65.2923965454102
8.5303897857666
62.6437301635742
10.5475091934204
59.4719657897949
10.7749996185303
54.7106399536133
11.7091102600098
48.3459892272949
10.8845796585083
43.2404594421387
9.55126476287842
42.0063095092773
10.4724702835083
40.0052719116211
11.3936786651611
40.7831192016602
15.6677198410034
37.9639282226563
21.406759262085
34.9762649536133
20.9032497406006
33.9594497680664
23.6591892242432
34.1172981262207
26.9502601623535
40.7121810913086
26.970329284668
45.5890808105469
27.2277526855469
47.2756576538086
28.964241027832
51.6822891235352
32.6964988708496
47.7697601318359
38.4615516662598
43.8618392944336
42.9543495178223
34.7662582397461
49.2377281188965
28.354808807373
51.1333961486816
24.1973876953125
53.1858291625977
7.98370504379272
53.1781616210938
-6.45053100585938
53.1689796447754
-7.36784839630127
48.9031143188477
-10.0929298400879
46.1528205871582
-8.58396530151367
42.2091407775879
-9.1608419418335
38.8835601806641
-14.713171005249
38.8964004516602
-14.734769821167
49.3382453918457
-14.7563695907593
60.4920768737793
-24.6181106567383
58.385871887207
-24.1194305419922
56.4630355834961
-24.7944412231445
54.0295104980469
-26.4565372467041
52.2777557373047
-29.0607776641846
51.5741767883301
-31.2870273590088
52.2146072387695
-33.1897392272949
54.0135765075684
-33.7309494018555
56.3165550231934
-33.1688385009766
58.6675491333008
-39.9104804992676
60.3295097351074
-44.561164855957
60.3173484802246
-44.5643997192383
41.3415946960449
-39.915771484375
41.3551406860352
-39.921070098877
39.6529388427734
-49.9701805114746
39.666374206543
-49.9436187744141
51.2881660461426
-59.2038383483887
51.2898178100586
-59.2014770507813
63.802375793457
-72.4419708251953
63.803825378418
-72.4500274658203
51.2914581298828
-80.1935577392578
51.294734954834
-92.4560165405273
51.3012962341309
-92.4610137939453
39.679370880127
-92.4508285522461
36.6318893432617
-90.8539810180664
36.6278800964355
-90.8450927734375
35.1911697387695
-94.0132904052734
34.3248901367188
-101.547691345215
34.3361892700195
-101.542098999023
28.9629821777344
-93.3306121826172
28.918478012085
-80.0949935913086
28.7131423950195
-77.3025436401367
25.0832996368408
-77.4593887329102
21.8750381469727
-49.7625274658203
21.6674404144287
-49.7646903991699
24.8768272399902
-49.7668609619141
28.0862197875977
-49.9499206542969
35.0648918151855
-39.9108695983887
35.0357208251953
-39.9057540893555
33.1252708435059
-44.3197898864746
33.1369705200195
-44.3205909729004
18.5116195678711
-39.9006195068359
18.503080368042
-34.0379905700684
22.1136074066162
-28.2283706665039
26.5024795532227
-22.0194702148438
31.2906284332275
-16.4431991577148
31.9988880157471
-14.7179822921753
35.5877304077148
-9.15306663513184
35.5329399108887
-7.77236413955688
33.6281814575195
-9.01090908050537
29.6659488677979
-9.32895565032959
24.5991077423096
-6.305588722229
23.5997886657715
4.19865083694458
24.8528308868408
7.68907928466797
29.2995204925537
12.7253694534302
31.3216075897217
14.5840902328491
34.2607192993164
14.5710592269897
39.5094795227051
12.7064599990845
43.865837097168
7.99910926818848
45.8412590026855
8.67892742156982
49.9570579528809
24.256368637085
49.9577560424805
24.638069152832
37.8686408996582
26.4309692382813
34.8397407531738
23.6758365631104
32.7140083312988
24.0358200073242
26.9721717834473
29.850040435791
26.1431674957275
31.2546081542969
23.095609664917
30.8285388946533
21.7358779907227
28.0723190307617
20.1989402770996
25.289867401123
16.7195796966553
28.1805973052979
13.8859186172485
28.7406196594238
10.3888788223267
28.0460071563721
8.20920181274414
18.3587398529053
-9.97430896759033
14.1428289413452
-8.26590442657471
10.7549800872803
-3.04354763031006
6.46993589401245
-0.640232086181641
1.95152413845062
-1.58074951171875
-3.49948215484619
-2.56919574737549
-7.16203498840332
-7.89905643463135
-11.6859397888184
-13.3432197570801
-11.3759088516235
-19.9228820800781
-5.83569431304932
-23.7511100769043
-7.05337810516357
-29.2658977508545
-9.34273719787598
-30.6428279876709
-9.46859931945801
-32.7207298278809
-9.59445858001709
-34.7986183166504
-9.26009368896484
-45.1920318603516
-4.35454416275024
-46.3055992126465
0.533378601074219
-48.9539108276367
6.29855108261108
-50.5332107543945
12.131290435791
-50.76123046875
12.6543197631836
-52.4213409423828
15.0004291534424
-56.742977142334
18.6976509094238
-58.3799438476563
24.3853187561035
-54.277961730957
0
21
25.1031284332275
-31.268575668335
49.3724250793457
-26.2731399536133
51.4466972351074
-20.7885875701904
53.6126518249512
-19.3754119873047
53.2863349914551
-16.4051971435547
53.532096862793
-13.4349784851074
53.6928100585938
-11.5897979736328
53.0925102233887
-9.74462985992432
48.7941093444824
-7.40151309967041
40.5885009765625
-3.60265445709229
42.1932106018066
6.37093496322632
40.3064308166504
7.22773408889771
37.4705429077148
8.76237297058105
33.4295692443848
7.7155065536499
31.9150772094727
6.15933322906494
22.186408996582
-12.0101709365845
15.8327703475952
-18.7452087402344
6.858069896698
-18.7304306030273
5.30726480484009
-24.625114440918
7.67494964599609
-28.405647277832
12.0073699951172
-31.1145076751709
0
6
68.8170928955078
-46.5073165893555
72.0036926269531
-38.5194816589355
67.8170166015625
-32.3419609069824
61.8892631530762
-32.1172790527344
57.1109352111816
-39.3915214538574
58.828441619873
-45.2548141479492
0
4
-83.0559387207031
36.6308364868164
-83.0474624633789
35.1796035766602
-81.6399765014648
35.1887474060059
-81.6450729370117
36.6361808776855
0
4
-72.8409271240234
33.8512687683105
-72.83740234375
32.3503913879395
-74.4370269775391
32.33544921875
-74.4208831787109
33.8181915283203
