2
134
46.833
-63.166
53.166
-62.833
58.5
-61.166
63.166
-58.166
66.833
-54.166
69.5
-49
70.666
-42.666
70.5
-37.333
68.833
-32.166
65.833
-27.333
62.166
-23.833
57
-21
50.833
-19.666
50.166
-19
47.5
-13.333
43.666
-9.5
42.666
-9
38.833
-6.833
33.333
-5.833
28.666
-3.666
25.5
-1
25.833
0
28
4
29
5
38.166
11.5
38.333
25.666
31.833
28.5
28.666
33
27.833
39.666
28.333
40.166
29.833
40.333
31.666
42.666
35
46.5
37
46.666
37.333
81.666
17.666
81.666
17.166
82.166
17.166
85.333
17.166
85.833
16
87
12.833
88.333
7.833
88.833
4.833
88.166
1.166
85.333
0
83.5
-1
82.333
-1.833
77.666
-1.5
74.666
0
72.333
16.5
74.166
27.666
74.166
28.166
73.666
28.333
65.166
27.666
63
27.166
62.5
24.833
62.5
18.166
65.666
8
67
0
65.833
-3.666
65.166
-13.333
60.666
-20.666
53.166
-25.666
42.666
-26.666
40.833
-26.833
36.666
-13.666
36.666
-13.166
36.166
-13.166
29
-13.666
28.5
-26.833
28.333
-26.833
24.166
-20.833
11.833
-15.5
6.333
-15.666
5.333
-19.166
0
-20.333
-1.5
-21.166
-3.666
-23
-5.5
-27
-5.166
-31.166
-5.666
-35.833
-7.666
-39.5
-10.666
-41.166
-13.166
-41.833
-13.666
-42.666
-16
-43.833
-18.833
-44.166
-24.333
-43.666
-28.166
-42.666
-30.166
-41.833
-32.5
-39.166
-36
-35.666
-38.666
-30.666
-40.666
-25
-41
-21.166
-40.5
-16.833
-38.666
-16.333
-38
-13.833
-36.333
-10.833
-32.666
-9
-28.5
-8.666
-27
-8.333
-22.333
-8.833
-18.166
-10.666
-13.833
-14
-9.833
-13.5
-8.166
-9.333
0
-8.5
1.5
-7.666
1.5
-4.666
0
-3.333
-0.833
0
-1.333
7.5
-2.5
10
-2
12
-2
17.5
-3
22.5
-7.666
28
-10
33.166
-10.5
36.666
-12.166
39.666
-15.333
40
-21.166
34.166
-25.166
34.166
-25.5
31.166
-28.5
28.5
-33.5
27.166
-39.333
27.333
-42.666
27.5
-45.666
29.166
-50.833
32
-55.333
36
-59.166
41.5
-62
42.666
-62.166
0
16
42.833
-40.5
43.666
-38.166
45.666
-36.166
47.666
-35.333
51
-35.5
53.5
-37.333
54.333
-38.333
55
-40
55
-42.666
54.166
-44.666
52.666
-46.333
50.166
-47.5
48
-47.5
45.5
-46.5
43.333
-44
43
-42.666
0
16
-27.333
-29.333
-29.333
-28.666
-31.833
-26.166
-32.5
-24.166
-32.5
-22.166
-31.666
-19.833
-29.166
-17.5
-26.666
-16.833
-24.5
-17
-22.666
-18
-20.666
-20.166
-20
-22.666
-20.166
-24.833
-20.833
-26.333
-23
-28.5
-25.166
-29.333
